Parameter   0,	0000	0000	0000	0000	0000	0000
Parameter   1,	0000	0000	0000	0000	0000	0000
Parameter  95,	0000	0000	0000	0000	0000	0000
Parameter  97,	0000	0000	0000	0000	0000	0000
Parameter  98,	0000	0000	0000	0000	0000	0000
Parameter  99,	0000	0000	0000	0000	0000	0000
Parameter 100,	0000	0000	0000	0000	0000	0000
Parameter 101,	0000	0000	0000	0000	0000	0000
Parameter 102,	0000	0000	0000	0000	0000	0000
Parameter 103,	0000	0000	0000	0000	0000	0000
Parameter 104,	0000	0000	0000	0000	0000	0000
Parameter 105,	0000	0000	0000	0000	0000	0000
Parameter 106,	0000	0000	0000	0000	0000	0000
Parameter 107,	0000	0000	0000	0000	0000	0000
Parameter 108,	0000	0000	0000	0000	0000	0000
Parameter 109,	0000	0000	0000	0000	0000	0000
Parameter 112,	0000	0000	0000	0000	0000	0000
Parameter 113,	0000	0000	0000	0000	0000	0000
Parameter 114,	0000	0000	0000	0000	0000	0000
Parameter 115,	0000	0000	0000	0000	0000	0000
Parameter 116,	0000	0000	0000	0000	0000	0000
